8271
3950
1004
4300
9058
7631
9663
4896
6141
1740
1509
3650
6338
5682
1477
2666
9249
4863
3763
8360
4378
1921
5984
5122
2151
9652
5460
4189
9391
1598
5288
7946
6437
9481
5704
2648
2223
3236
2037
1623
1794
5758
9697
1072
5995
7536
4603
5294
6344
3070
7963
5496
2509
8986
7528
9911
5259
4308
7748
6431
5867
1922
6665
1691
3840
6088
8685
6241
2818
9717
9072
9511
5622
8785
4294
7609
2051
8758
1416
8145
1127
1331
7717
3753
9016
6063
1294
2887
9479
7608
2799
4990
6311
3168
2730
1085
5884
3072
2397
7430
