5220
8442
4476
4032
2525
3837
6769
8736
1453
5808
3236
5371
3662
2851
1983
7600
4160
9122
2673
1645
9451
6902
4484
7759
2095
8970
1752
5818
8508
8815
5602
6597
6854
9925
5511
8934
9527
8718
6195
9438
9328
6736
3767
5256
3643
4056
9438
3427
3944
4189
6632
2577
1743
4032
1839
5331
7101
9950
6391
1228
2183
2007
7507
7719
8059
1086
6098
8221
3191
3157
7921
8639
7577
6613
5650
3708
4101
4799
6393
5727
8781
2946
7551
4841
3242
9041
3040
9854
8153
6096
4511
2031
8217
9915
4082
8163
4881
6115
7440
3386
